128
106
94
86
96
102
92
74
70
64
66
82
88
100
100
90
100
76
84
92
118
110
114
110
122
116
150
100
84
112
120
90
140
154
134
120
162
164
166
174
160
140
144
166
200
196
200
204
188
172
162
172
146
200
220
208
184
210
236
196
96
46
64
96
130
142
116
170
164
180
180
200
184
190
188
150
168
174
196
234
256
182
140
152
130
130
144
140
84
118
130
124
154
176
160
146
144
140
130
100
180
186
206
164
202
192
200
176
184
160
140
112
156
162
176
166
192
164
170
122
122
150
170
190
206
214
224
230
190
160
220
202
210
270
274
270
274
264
280
264
274
254
240
236
254
294
264
224
266
264
264
262
290
306
294
256
264
310
330
336
280
272
282
284
264
308
302
286
316
310
276
294
310
326
316
310
334
340
334
344
346
340
346
324
314
350
294
294
320
350
360
326
306
324
340
290
306
324
346
355
366
360
356
336
356
362
314
326
244
286
326
340
340
306
324
332
352
350
310
278
295
320
344
340
346
340
322
334
328
324
332
314
334
314
310
332
322
310
320
324
320
324
246
296
280
310
326
332
336
320
280
262
304
308
316
306
300
244
234
256
266
292
296
280
290
266
240
182
254
286
306
300
254
262
206
234
216
220
226
214
146
162
174
196
234
234
252
220
220
182
198
154
172
174
150
156
160
156
150
140
144
170
186
190
144
142
132
130
142
154
150
162
164
142
140
172
184
170
182
180
210
192
192
186
112
86
82
136
96
72
76
72
68
78
80
104
104
106
116
110
112
112
46
56
90
100
114
72
90
100
80
74
64
50
70
82
76
90
86
106
116
130
106
100
116
110
114
124
72
92
84
90
114
140
146
146
74
72
56
76
84
114
126
116
110
76
74
62
64
50
44
84
102
104
62
78
62
54
64
94
100
90
100
80
96
80
62
48
70
74
76
72
74
112
90
124
120
136
164
180
172
150
133
106
114
134
170
158
164
134
124
126
126
158
176
172
100
150
174
150
136
150
200
222
220
114
78
74
104
110
132
170
166
110
144
156
186
136
158
130
160
206
196
194
212
214
214
120
162
174
174
174
160
196
152
120
160
184
186
150
150
182
184
220
262
210
124
140
170
162
166
208
134
154
162
146
200
212
246
270
264
246
230
224
224
224
246
280
292
256
256
260
260
270
264
192
200
224
252
254
260
250
240
276
324
314
272
316
326
334
346
312
276
238
250
314
326
334
334
358
356
372
372
302
278
284
276
290
254
306
276
264
290
330
325
340
352
360
382
370
360
376
388
390
370
360
354
348
346
370
360
336
342
370
286
266
280
326
356
382
376
370
376
386
310
280
278
276
306
346
365
374
374
362
360
365
374
372
312
338
346
362
356
350
356
322
342
306
302
304
294
294
290
244
282
296
312
310
300
262
280
282
296
306
314
330
320
300
294
296
314
310
234
200
204
190
170
194
206
206
232
160
230
210
242
222
210
224
162
156
170
146
160
170
176
192
180
130
142
144
86
102
136
162
148
160
172
174
186
192
206
232
174
130
124
122
166
156
142
150
150
150
114
148
138
156
174
122
100
54
76
92
112
142
162
134
130
114
126
120
76
102
116
112
114
102
80
86
100
104
90
104
100
90
100
90
104
126
112
102
134
152
126
112
100
106
92
100
100
32
82
102
104
76
90
98
104
114
120
66
65
66
84
94
80
60
80
100
106
104
74
56
30
80
122
90
80
54
80
102
102
102
116
124
140
166
172
176
136
154
145
180
172
116
140
186
165
164
82
56
46
75
86
92
90
94
110
132
126
116
124
90
95
84
120
126
182
182
142
144
166
166
182
192
186
196
210
194
176
210
226
230
215
126
92
66
100
120
144
142
90
114
142
148
146
104
142
154
138
160
156
205
216
214
214
194
148
178
242
230
256
262
270
270
280
284
282
294
280
206
230
260
146
96
165
220
222
196
212
260
282
286
272
250
268
280
282
295
312
290
238
254
255
216
214
254
266
260
230
236
228
246
206
190
210
212
234
170
205
236
182
190
224
220
166
194
164
214
230
250
266
210
165
198
164
224
260
276
300
304
298
260
276
282
318
328
266
254
264
270
280
290
302
330
326
330
340
330
340
338
336
346
335
334
335
340
322
336
354
362
354
326
344
340
346
354
368
366
370
352
350
250
292
314
312
330
324
320
332
350
374
336
302
310
330
346
370
370
312
336
320
222
270
270
250
296
305
300
284
292
306
284
274
274
294
290
310
315
310
312
330
330
282
280
270
200
226
236
240
232
152
200
218
240
270
256
242
164
184
190
205
142
172
162
154
122
134
164
160
172
140
142
172
154
122
120
156
172
194
184
184
180
178
168
86
90
124
170
170
182
170
174
162
148
170
170
154
188
170
146
106
126
148
150
176
164
166
186
174
182
160
146
152
150
162
146
140
134
136
124
120
120
80
102
96
76
86
115
120
72
104
104
110
116
130
102
120
130
86
118
92
86
60
62
56
66
78
68
64
78
102
116
120
122
132
120
86
122
98
70
120
112
106
90
92
118
124
94
126
134
130
116
134
140
122
100
122
114
68
72
76
80
102
94
92
112
105
114
102
90
106
102
110
110
126
145
126
176
110
62
92
106
102
72
62
34
50
106
116
142
144
160
164
144
126
128
132
104
116
140
146
184
205
216
220
210
196
206
208
112
134
172
191
192
202
214
156
156
186
196
228
224
254
260
242
190
156
166
130
130
146
156
170
186
206
230
196
190
216
134
118
100
150
150
132
160
170
196
205
172
156
214
228
242
224
192
206
164
160
180
176
232
250
214
186
184
214
222
190
256
214
220
192
248
272
250
282
286
272
306
316
222
226
190
216
246
224
216
250
286
286
308
300
328
316
320
326
268
238
256
292
282
300
336
306
266
290
242
250
236
250
316
320
300
304
340
264
272
272
290
320
336
352
362
360
352
310
292
300
310
326
370
330
326
362
362
350
310
300
346
352
354
370
366
364
334
316
332
334
344
320
314
304
306
302
310
336
362
324
330
336
312
252
236
226
240
254
250
260
302
302
312
272
290
270
270
258
232
250
242
274
198
210
246
272
270
230
240
256
262
212
144
182
206
224
202
200
224
210
166
160
200
240
182
166
126
150
202
244
250
170
150
142
154
160
170
170
144
170
150
142
132
126
132
100
126
130
142
110
156
156
164
150
100
136
96
112
130
122
156
146
112
152
142
156
120
116
112
100
92
96
104
110
106
90
102
116
92
130
124
100
124
132
146
140
120
94
112
126
114
140
156
106
102
88
106
94
64
90
120
78
80
86
104
66
128
92
86
114
100
94
140
106
104
92
86
92
66
76
124
100
82
124
116
114
106
76
66
54
50
52
64
74
90
126
126
142
134
154
140
146
148
142
154
126
32
56
74
106
84
112
150
154
150
132
96
110
66
92
116
126
134
158
166
140
148
186
192
144
116
132
148
200
190
182
126
166
180
194
176
146
172
160
176
194
200
214
232
230
210
198
126
196
224
236
210
194
214
200
232
214
194
150
152
192
182
180
198
188
210
178
140
184
184
168
84
46
126
154
113
148
146
180
186
130
160
220
252
256
256
245
266
296
296
274
270
266
250
192
204
254
180
208
160
198
210
188
182
172
208
202
262
284
256
230
270
274
270
306
324
324
344
342
260
272
316
336
295
278
306
262
262
270
214
246
284
320
296
310
310
310
326
305
300
308
330
242
278
296
338
357
366
372
394
404
402
384
355
332
346
346
367
366
350
330
340
358
366
380
365
376
374
356
365
350
347
330
334
340
342
332
337
296
304
326
334
336
365
350
382
370
318
274
327
334
345
276
334
362
360
366
360
364
374
380
354
324
312
342
378
370
346
314
310
300
300
320
298
276
286
320
262
282
296
314
316
268
200
200
256
230
212
236
275
200
176
146
196
196
216
225
175
196
182
212
220
240
235
212
175
180
200
160
200
210
205
224
208
186
180
184
192
172
152
156
190
170
156
186
180
156
170
158
190
190
174
184
195
134
104
136
158
156
170
144
174
170
138
156
165
178
158
178
188
194
185
192
140
152
154
146
155
122
140
154
150
146
160
152
154
136
146
116
125
140
134
156
164
168
100
94
106
100
74
88
95
93
32
32
52
54
75
82
114
154
160
138
65
66
74
108
111
76
65
116
110
130
130
82
95
126
132
120
136
106
120
114
132
132
136
160
125
140
122
138
135
120
135
130
130
160
192
202
132
140
144
130
138
136
141
134
158
136
186
120
145
176
202
120
135
176
195
99
100
80
154
140
116
114
164
130
115
130
152
152
144
116
152
160
180
150
176
196
210
204
153
154
150
196
220
210
219
212
226
160
148
180
202
206
216
222
230
240
247
262
236
224
242
250
159
184
202
204
255
240
197
130
129
112
90
154
132
176
170
230
240
260
236
236
239
242
248
252
274
273
236
206
192
196
256
286
266
261
284
270
264
225
226
260
292
246
273
304
316
336
250
242
252
282
260
282
276
223
272
262
217
230
254
253
276
294
290
266
264
330
322
234
306
325
330
271
230
240
258
270
292
306
310
282
246
280
290
304
282
280
302
310
300
324
330
320
330
350
350
345
366
374
376
394
378
371
362
352
364
352
376
344
324
336
345
346
330
324
328
336
318
305
306
330
350
352
306
306
340
355
330
315
316
284
266
244
262
270
294
314
320
286
306
290
292
300
286
251
208
240
244
233
270
287
272
252
216
265
256
238
256
220
200
202
214
228
214
210
220
178
222
258
274
258
270
254
256
254
220
216
216
218
222
226
206
208
204
210
222
213
210
214
224
208
200
188
193
180
232
238
255
240
206
226
192
204
200
216
205
180
170
175
190
186
167
182
130
120
130
165
174
156
214
176
178
240
134
135
126
120
90
96
118
132
130
116
94
126
97
94
95
94
94
110
110
115
98
98
50
79
111
112
102
105
122
130
166
150
160
172
148
133
124
112
150
125
148
120
126
158
125
168
116
140
115
91
124
106
86
104
125
126
104
85
90
90
102
102
122
72
96
101
114
135
104
104
108
93
114
84
98
96
142
115
104
124
116
98
120
134
93
62
70
126
156
96
64
50
55
90
126
122
82
54
106
122
118
125
114
106
114
96
80
84
86
90
120
120
110
89
108
104
135
150
168
159
186
202
232
212
202
162
166
195
220
160
174
159
150
142
182
150
172
165
176
203
230
239
240
232
244
230
236
186
200
181
172
214
157
170
182
197
196
204
183
184
184
153
150
136
202
204
160
174
184
190
160
115
164
205
206
230
230
236
204
166
186
224
240
248
276
301
300
320
316
295
294
308
266
240
240
256
272
286
272
306
295
305
312
302
312
308
315
322
308
279
320
324
252
267
270
242
254
266
270
307
354
351
366
310
325
346
316
314
260
266
280
280
302
296
302
236
286
300
280
339
360
360
345
356
370
391
366
300
286
307
330
357
350
334
332
316
326
325
328
320
312
336
342
318
330
306
290
275
282
322
324
302
290
286
300
300
278
280
305
314
290
269
240
250
237
260
256
225
238
250
270
240
204
181
144
188
222
230
234
249
202
196
202
197
186
175
210
226
225
218
256
281
286
276
194
188
198
220
210
146
176
195
180
200
204
186
170
154
150
154
160
206
214
234
240
246
264
240
234
210
230
232
206
176
158
180
214
216
211
166
162
188
204
160
166
146
112
108
112
98
80
78
89
85
120
135
138
130
134
150
140
168
122
124
168
170
164
169
126
80
80
95
45
91
100
95
164
140
134
115
100
106
107
134
140
144
120
110
104
110
90
95
45
55
74
123
92
99
70
56
30
38
46
104
116
104
150
142
110
90
94
134
119
89
106
105
140
115
125
102
122
120
116
126
106
128
180
142
148
124
132
140
166
135
114
138
139
164
202
120
144
150
175
146
162
200
205
210
182
197
195
203
176
200
235
226
226
214
212
222
220
196
170
175
170
204
170
202
224
196
212
240
252
236
230
230
210
195
217
108
168
172
196
199
200
200
225
230
236
240
225
186
194
128
100
120
195
230
220
224
256
265
180
170
170
176
162
195
194
212
186
215
230
265
272
266
234
220
266
275
230
172
160
175
235
230
230
230
208
172
220
225
200
248
240
222
242
275
260
214
206
230
260
281
282
198
212
215
226
262
188
212
282
280
292
305
287
286
302
320
310
306
298
296
192
288
306
300
245
290
280
332
320
255
200
206
244
278
240
250
252
275
275
280
304
300
282
295
310
320
290
303
279
293
332
306
301
318
295
270
291
328
340
352
331
336
338
336
351
360
345
300
310
312
308
286
344
280
270
310
330
320
326
330
315
330
345
344
322
305
306
275
256
285
276
224
276
300
336
302
278
306
319
310
296
290
301
326
336
338
327
270
285
260
241
236
262
280
270
270
268
274
290
246
216
220
230
225
174
254
266
280
275
200
236
245
244
254
265
276
259
198
190
206
230
230
220
226
231
220
212
188
204
213
228
202
180
145
154
168
165
136
204
172
195
160
139
162
160
146
159
102
144
146
156
165
158
155
138
140
110
96
112
129
105
118
144
139
127
138
138
136
104
84
40
90
100
116
130
95
118
116
100
116
106
106
130
130
115
104
112
137
116
126
156
115
95
90
106
110
96
86
98
152
131
150
106
90
136
105
112
126
124
116
90
105
102
116
134
148
154
127
152
128
94
77
84
89
118
76
104
115
104
99
143
108
118
116
145
133
103
110
100
108
118
185
210
220
215
185
152
190
168
120
116
122
158
165
168
174
172
182
210
229
235
240
232
220
188
160
161
116
118
143
180
226
235
228
216
222
232
176
175
204
188
196
224
190
132
178
200
188
185
210
139
150
180
166
160
138
114
90
122
134
170
142
145
140
152
186
212
233
153
196
248
280
230
158
178
170
140
144
135
157
146
172
220
228
226
242
208
182
195
210
142
230
247
264
270
212
190
205
230
226
178
198
188
210
186
186
198
220
280
253
256
275
226
230
274
290
315
310
243
243
296
315
280
255
290
305
332
324
356
353
355
345
336
326
355
350
345
332
280
276
300
324
326
352
284
303
335
346
340
338
384
320
316
346
362
342
375
360
312
336
373
376
350
362
348
350
372
392
366
326
275
278
312
336
336
340
342
360
358
368
346
331
329
318
335
325
328
318
330
341
350
354
364
350
360
324
320
297
320
324
344
316
326
318
304
342
276
290
335
330
272
250
284
264
282
306
300
236
236
236
224
224
200
243
234
212
222
204
225
185
176
190
210
195
142
164
166
175
136
180
196
248
236
228
236
246
256
226
172
184
220
216
234
245
243
206
222
234
246
233
246
204
186
185
180
108
132
140
170
196
210
190
200
182
185
170
174
172
156
120
130
118
126
120
106
144
124
140
156
114
100
64
50
24
56
78
80
90
103
120
130
118
152
85
186
190
168
159
115
146
145
88
106
90
110
92
128
144
112
110
125
104
74
108
114
95
186
155
170
156
146
66
56
75
110
114
98
140
100
92
110
128
95
114
110
125
130
134
118
152
169
144
76
53
82
117
160
186
156
132
128
95
62
82
96
66
70
100
122
160
150
175
188
190
190
180
170
105
124
111
96
154
163
166
126
110
110
135
174
218
204
178
146
160
114
120
175
185
175
196
200
208
195
180
106
146
110
106
126
182
206
218
173
192
236
248
250
258
242
205
188
220
230
225
200
236
112
132
142
176
230
245
214
208
204
223
244
188
158
145
166
212
204
202
182
186
204
270
265
232
260
275
314
338
318
314
264
245
206
166
145
199
240
260
276
278
296
290
272
302
310
302
290
304
266
300
294
310
280
276
248
252
276
290
298
298
276
306
328
340
246
304
320
350
285
313
314
322
320
312
310
334
357
346
406
390
360
315
330
314
362
370
356
324
298
290
340
356
360
366
332
338
338
355
366
364
356
340
315
250
308
332
336
314
330
347
336
325
342
331
318
302
295
308
314
338
315
345
370
360
352
358
320
334
350
365
366
373
360
340
354
346
335
326
332
284
336
310
302
293
284
283
290
305
289
300
304
265
260
260
288
256
246
180
185
242
278
272
280
197
225
250
268
290
238
265
275
260
240
223
215
178
170
210
208
212
195
220
210
220
235
204
172
175
145
168
215
170
171
172
155
180
216
238
199
215
220
176
165
182
210
188
180
166
168
144
105
114
105
102
94
100
115
125
128
65
42
80
102
120
120
120
70
110
94
120
142
162
160
102
116
116
84
30
84
94
99
112
162
178
122
44
66
60
95
110
116
130
117
69
118
120
148
117
62
64
88
96
102
84
84
20
104
105
76
110
56
84
84
96
60
82
75
110
110
98
94
100
119
90
62
82
71
108
102
130
174
200
200
146
170
174
172
184
162
190
165
168
170
165
168
194
202
162
170
200
211
186
186
186
180
148
168
183
200
205
200
172
164
200
205
188
196
215
224
234
237
238
221
160
156
196
185
186
207
172
128
126
118
155
159
166
160
196
168
138
158
160
200
148
146
126
126
174
174
103
144
140
154
120
165
156
165
138
144
150
180
225
257
228
154
226
254
175
140
150
180
164
156
224
247
226
202
170
210
170
190
186
204
246
272
280
276
270
276
290
275
276
180
254
250
250
270
264
261
268
297
320
333
308
315
306
280
286
276
302
294
240
203
245
288
285
290
310
326
334
320
296
302
308
336
340
320
315
330
360
358
368
373
372
366
310
306
325
376
378
336
326
275
276
289
322
330
326
325
306
340
356
364
364
365
288
298
314
320
370
348
324
324
366
375
380
354
284
278
280
292
316
344
355
348
302
340
360
355
361
358
360
385
380
310
326
316
315
350
286
318
300
278
354
328
352
338
325
275
275
310
336
302
284
300
318
316
326
335
351
342
302
284
232
202
250
286
265
296
288
269
270
258
174
200
185
236
274
290
285
244
254
252
274
232
200
138
156
124
158
198
194
224
234
220
170
204
150
150
180
200
218
223
206
190
134
145
174
128
130
154
148
106
105
116
140
118
188
146
108
102
120
110
112
142
115
113
144
165
97
164
182
180
185
126
137
158
145
128
148
144
156
164
130
124
138
154
160
164
155
125
90
108
122
134
105
116
90
116
100
105
127
94
108
116
112
110
154
125
120
152
168
140
84
82
100
154
148
87
110
120
102
90
94
104
100
108
124
144
146
148
110
100
140
96
99
100
144
147
138
150
126
155
178
170
110
106
134
183
200
186
136
74
116
150
92
104
142
184
186
190
122
100
100
85
84
116
190
152
176
182
268
175
142
156
200
208
206
155
196
195
164
155
170
208
228
230
288
300
204
172
170
166
170
155
166
216
205
238
218
210
204
236
174
190
224
240
208
195
216
205
232
255
220
160
188
170
146
217
236
265
206
210
212
225
225
150
103
122
134
159
170
187
194
200
122
175
224
250
256
204
238
282
286
214
165
216
208
238
255
272
295
304
288
320
316
312
336
330
346
350
348
358
324
314
345
302
255
252
286
308
340
333
260
285
296
298
326
374
382
396
380
384
380
287
314
338
346
350
355
345
328
287
260
312
334
292
336
366
366
364
332
282
310
338
306
255
298
312
362
387
360
352
342
348
312
324
350
366
366
335
334
330
326
352
366
376
350
320
300
326
330
347
335
305
312
320
334
348
366
372
376
374
350
336
340
346
304
320
304
304
280
304
344
318
306
275
298
323
304
308
304
316
310
282
312
298
234
246
266
252
216
196
220
220
236
250
250
212
234
256
272
284
270
252
240
210
230
196
186
224
197
215
224
223
236
218
234
215
182
185
236
210
214
205
220
230
230
252
258
262
210
162
185
184
140
142
174
170
112
70
86
134
150
74
50
48
105
113
110
106
95
84
120
122
124
94
105
110
132
154
144
145
120
120
156
144
124
136
110
98
82
92
106
136
21
60
80
80
80
75
85
69
38
26
60
70
82
90
106
104
138
100
74
103
90
98
86
92
82
95
108
80
120
105
118
112
108
114
98
114
138
148
104
150
104
120
129
128
176
192
195
132
182
198
145
146
158
100
128
158
182
184
186
196
210
145
111
125
100
116
119
150
154
155
188
186
202
225
200
152
130
120
105
76
100
123
106
150
176
192
178
202
160
136
166
90
116
158
180
245
268
260
257
246
196
156
172
122
90
170
190
173
96
114
131
165
130
140
186
176
179
104
80
155
160
140
164
190
195
220
232
232
207
240
258
267
288
284
270
255
246
236
170
154
180
190
100
84
136
144
174
165
222
255
262
260
275
243
226
256
262
285
206
198
266
261
252
218
266
284
280
282
305
322
314
216
200
220
228
192
235
306
298
308
290
318
328
330
342
346
338
330
365
375
370
305
296
325
360
360
332
296
260
308
340
328
320
333
310
330
330
335
320
346
306
258
276
304
318
344
354
345
368
330
300
320
348
350
344
335
356
350
312
324
308
330
354
334
340
320
330
310
260
270
335
356
356
328
329
345
334
330
334
310
306
288
270
266
235
234
254
285
314
316
300
286
306
278
278
294
294
283
262
300
300
306
295
276
282
216
255
250
275
290
234
229
230
200
212
236
254
264
264
225
180
166
215
216
230
232
252
242
184
102
174
210
234
260
252
216
164
185
218
215
230
188
181
190
218
238
258
208
234
216
186
190
202
194
181
180
204
148
168
199
215
170
192
190
134
102
114
105
120
160
106
144
136
125
102
100
118
155
162
125
130
134
136
120
128
110
114
96
94
116
126
125
126
122
150
125
142
158
148
122
120
98
78
194
146
156
136
128
111
120
112
112
135
130
149
130
116
84
85
94
72
48
44
44
50
75
80
84
100
82
100
109
116
120
106
116
114
139
195
168
98
81
38
73
120
148
128
110
136
100
74
130
138
134
104
124
94
57
90
78
38
94
87
118
104
116
92
122
107
100
130
180
184
180
202
205
164
162
156
187
204
195
266
242
220
165
88
106
110
132
166
166
160
153
154
160
206
125
160
168
142
170
193
186
136
143
156
218
218
184
200
185
150
201
224
165
120
136
187
198
138
150
194
144
184
220
264
182
236
286
256
214
240
238
230
255
170
120
128
150
210
250
260
264
280
256
238
188
244
284
312
270
272
292
310
270
214
216
248
264
284
302
308
296
292
302
285
265
312
316
328
334
350
334
334
347
354
326
308
316
332
330
336
352
362
352
344
362
352
350
344
346
294
294
304
306
308
306
326
335
350
362
366
365
360
354
355
344
300
360
377
386
376
376
380
355
360
376
380
357
352
348
350
374
388
364
358
354
355
350
350
340
362
354
354
358
360
378
340
320
298
332
344
366
315
320
330
320
338
332
338
286
280
310
338
314
302
280
256
278
288
294
294
254
268
297
300
286
280
240
254
274
274
264
296
306
284
245
260
274
288
260
284
265
226
245
260
214
210
217
193
199
248
258
255
244
235
230
194
210
198
160
194
188
178
155
175
125
142
115
166
156
172
168
140
160
139
160
150
146
142
164
177
204
181
165
164
166
182
152
124
125
116
143
154
148
176
135
136
120
134
120
114
90
104
126
104
80
80
92
116
122
134
100
85
100
110
135
139
170
150
116
115
120
124
150
178
100
75
115
122
112
130
88
80
144
132
124
102
105
128
119
144
124
127
156
166
140
134
174
120
129
118
132
86
88
88
132
142
160
170
166
116
157
108
105
108
135
153
159
196
200
188
196
192
106
102
156
176
180
182
173
158
114
116
116
105
70
126
122
117
88
110
90
66
80
86
76
72
128
171
198
148
160
174
182
166
168
200
138
110
110
104
140
184
176
213
237
152
136
119
72
35
74
94
98
81
133
160
122
154
217
230
236
238
176
136
102
106
146
148
162
142
128
165
130
136
180
244
154
195
227
252
238
236
155
147
150
150
143
136
172
154
165
138
170
192
149
106
156
196
184
194
212
224
226
226
238
234
210
206
198
190
228
232
256
275
285
294
300
324
310
308
324
308
272
274
286
304
315
330
294
252
235
278
305
332
270
265
300
324
330
340
322
352
350
348
362
385
380
348
310
322
342
280
281
236
300
318
303
298
310
312
310
330
321
338
337
350
350
384
364
395
382
334
350
382
327
322
344
355
345
316
304
320
322
344
352
320
280
322
310
330
344
356
337
310
327
304
292
296
318
350
394
386
346
326
332
324
326
316
304
295
264
304
314
304
298
284
252
342
346
324
312
280
274
260
282
314
315
304
324
324
320
324
252
244
268
276
296
294
306
304
300
299
302
300
302
294
228
190
192
194
224
182
178
208
224
210
215
262
235
234
288
290
196
160
134
168
154
120
136
132
164
150
160
162
176
134
156
162
136
124
120
154
136
104
128
174
166
162
181
182
165
150
160
164
158
156
166
110
134
98
106
116
95
80
94
75
72
108
130
130
128
124
115
130
130
126
152
113
110
76
72
101
140
78
50
72
82
95
91
138